15222210112600037
15222240115401574
15222220012800674
15222250210900364
15222210214500686
15222210000201887
15222210000600013
15222210000200918
15222210000900345
15222250410101154
15222210313000960
15222250410101182
15222220113100342
15222210512800799
15222210512400943
15222210313200567
15222210214100838
15222210000200166
15222210000700990
15222210000202017
15222210000104425
15222210001000289
15222210000802968
15222210001000614
15222210000902502
15222210000901907
15222250310500413
15222210200100191
15222210312800621
15222210000704196
15222210313700484
15222240310101660
15222210000106236
15222210112500705
15222210412900571
15222210412900491
15222210014100110
15222210412700913
15222250210900350
15222210000901030
15222210000103540
15222210000202600
15222210000202505
15222210000201261
15222210000201262
15222210000100794
15222210001000120
15222210000101738
15222210000202646
15222210000803539
15222210000700543
15222210112800896
15222250210400506
15222250410101327
15222250110200615
15222210310100647
15222210214300232
15222210013600527
15222210214200007
15222210413800669
15222210113200226
15222210000101181
15222210000101625
15222210000202711
15222210000100346
15222210000405686
15222210000700799
15222210512401123
15222210000602582
15222210000408438
15222220113100311
15222210512600309
15222210412400603
15222210512800073
15222210000101042
15222210000202191
15222210112200005
15222210013900054
15222210412900295
15222210212000779
15222210413800391

