1934727
1934718
1934716
1934714
1934621
1934615
1934595
1934560
1934364
1934349
1934342
1934340
1934338
1934331
1934328
1934255
1934230
1934215
1934189
1934177
1934087
1934080
1934075
1934002
1934001
1933995
1933992
1933987
1933984
1933976
1933961
1933952
1933936
1933884
1933883
1933851
1933845
1933836
1933825
1933737
1933707
1933699
1933697
1933685
1933683
1933655
1933645
1933640
1933636
1933625
1933624
1933606
1933603
1933582
1933579
1933572
1933558
1933555
1933541
1933539
1933534
1933531
1933530
1933523
1933521
1933517
1933510
1933408
1933406
1933384
1933382
1933283
1933244
1933222
1933191
1933189
1933186
1933155
1933105
1933100
1933092
1933086
1933083
1933053
1933030
1933027
1933016
1932991
1932968
1932918
1932917
1932916
1932914
1932913
1932890
1932889
1932885
1932882
1932881
1932877
1932876
1932863
1932831
1932805
1932804
1932797
1932734
1932715
1932711
1932707
1932705
1932697
1932695
1932692
1932690
1932689
1932688
1932684
1932682
1932680
1932677
1932674
1932660
1932653
1932649
1932637
1932632
1932631
1932619
1932592
1932562
1932558
1932554
1932549
1932534
1932529
1932487
1932484
1932481
1932399
1932396
1932391
1932390
1932351
1932332
1932156
1932148
1932143
1932138
1932128
1932123
1932118
1932117
1932110
1932107
1932104
1932012
1932006
1931999
1931994
1931971
1931903
1931895
1931883
1931808
1931804
1931775
1931774
1931708
1931679
1931660
1931636
1931626
1931619
1931603
1931597
1931587
1931584
1931580
1931569
1931566
1931513
1931501
1931500
1931496
1931491
1931490
1931450
1931444
1931425
1931408
1931382
1931367
1931363
1931360
1931346
1931344
1931308
1931307
1931291
1931288
1931274
1931272
1931265
1931259
1931256
1931238
1931220
1931204
1931202
1931198
1931191
1931190
1931186
1931148
1931146
1931091
1931076
1931063
1931021
1930966
1930955
1930943
1930926
1930909
1930906
1930905
1930893
1930883
1930880
1930871
1930868
1930864
1930796
1930779
1930777
1930776
1930750
1930744
1930735
1930731
1930699
1930698
1930697
1930660
1930656
1930631
1930601
1930599
1930596
1930589
1930586
1930575
1930444
1930365
1930359
1930325
1930323
1930267
1930259
1930250
1930228
1930220
1930216
1930205
1930191
1930118
1930117
1930115
1930113
1930112
1930111
1930110
1930109
1930107
1930106
1930105
1930087
1929853
1929831
1929721
1929623
1929610
1929604
1929595
1929587
1929578
1929577
1929576
1929530
1929529
1929528
1929525
1929522
1929520
1929518
1929451
1929448
1929426
1929421
1929392
1929387
1929352
1929348
1929306
1929275
1929269
1929268
1929255
1929252
1929225
1929216
1929197
1929186
1929168
1929140
1929125
1929120
1929114
1929112
1929081
1929063
1929057
1929046
1929039
1929033
1929024
1929015
1929010
1928963
1928942
1928940
665349