1922027
1921926
1916138
1915674
1904791
1904190
1899313
1899295
1885366
1881035
1873584
1869121
1863814
1855120
1847226
1845268
1843596
1841197
1801124
1800819
1800787
1738833
1735686
1713257
1710962
1699315
1690814
1688916
1679238
1651858
1651176
1636537
1633607
1631308
1631043
1624978
1597926
1568543
1543864
1536202
1533542
1436734
1436733
1225176
1220977
1203858
1182808
1167014
1165998
1155768
1124969
1121785
1119720
1115314
1093480
1091407
1081386
1076409
1075850
1056862
1047488
1018280
1004800
991246
988990
825847
775280
770490
704846
704536
699565
698210
693484
680854
679877
667367
661734
659110
657033
656546
646190
642657
642619
636079
618858
609545
608710
605742
587274
583874
579957
578779
564194
562467
546203
544067
543686
543443
528841
511991
511356
485189
476582
465403
460282
457149
443570
440025
436267
430352
423529
422404
421976
421701
412006
411712
405076
402000
399743
380014
376480
372934
372526
371960
365194
364345
362325
354565
353727
347706
345259
343894
339912
337404
330165
326792
324448
317184
307685
306772
305777
305186
304123
304092
300519
300187
295650
295288
289036
283279
272436
267177
257778
251340
246035
245260
245231
222023
221189
206340
201132
200567
194534
189635
181054
167807
161893
154144
145952
143793
139383
138674
138653
136060
125987
125975
117364
98708
94532
81266
65535
62528
59466
57280
47966
9209
3896
2350